#
Champion
Played
KDA
Gold
CS
Max Kills
Max Deaths
Average Damage Dealt
Average Damage Taken
Double Kill
Triple Kill
Quadra Kill
Penta Kill
1
ViktorViktor27W22L
55%
8.7 /
5.8 /
7.62.84:1
13,171
208.6 (6.8)
20
12
163,324
17,344
66
13
4
12
XerathXerath4W12L
25%
7.8 /
5.2 /
7.93.01:1
11,480
135.6 (4.6)
17
10
111,511
13,551
9
33
YoneYone3W6L
33%
6.2 /
6.1 /
4.21.71:1
10,933
180.3 (7.0)
17
9
128,432
21,601
74
LeBlancLeBlanc5W3L
63%
9.1 /
3.8 /
7.44.4:1
11,247
150.1 (5.2)
17
8
95,916
19,765
3
25
ZacZac5W2L
71%
4.3 /
3.1 /
13.05.5:1
10,740
146.9 (4.6)
6
6
137,758
36,830
16
AzirAzir2W3L
40%
9.0 /
6.4 /
7.02.5:1
13,406
214.6 (6.4)
12
11
151,949
20,518
5
17
KaynKayn1W3L
25%
8.3 /
7.3 /
5.31.86:1
12,603
186.8 (5.7)
12
11
189,933
37,320
38
ThreshThresh1W2L
33%
1.7 /
6.7 /
16.72.75:1
8,959
34.7 (1.0)
2
13
26,066
24,3819
AatroxAatrox3L0%
2.3 /
5.0 /
4.31.33:1
8,319
149.7 (5.5)
4
6
86,876
26,93510
Rek'SaiRek'Sai2W100%
9.5 /
5.5 /
9.03.36:1
12,132
165.5 (5.4)
10
7
159,723
31,87311
LucianLucian1W1L
50%
13.5 /
5.5 /
7.03.73:1
13,321
202.5 (7.5)
17
6
144,188
19,127
612
KindredKindred1W1L
50%
8.0 /
5.5 /
7.02.73:1
11,973
189.5 (6.8)
8
9
194,080
25,544
113
ZoeZoe1W1L
50%
12.0 /
4.0 /
5.04.25:1
12,410
168.5 (5.9)
18
8
126,836
17,428
4
114
EliseElise1W1L
50%
6.0 /
4.0 /
5.52.88:1
10,816
168.0 (5.6)
10
4
154,895
23,677
215
JinxJinx1W1L
50%
10.5 /
4.0 /
3.03.38:1
14,473
232.5 (7.8)
13
6
171,757
19,286
6
116
PantheonPantheon2L0%
3.0 /
17.5 /
8.00.63:1
6,375
63.5 (2.6)
4
23
45,782
24,65217
Lee SinLee Sin1W100%
2.0 /
1.0 /
3.05:1
7,085
110.0 (5.5)
2
1
94,400
14,79618
Nunu &amp; WillumpNunu &amp; Willump1W100%
5.0 /
5.0 /
23.05.6:1
12,659
135.0 (4.2)
5
5
130,141
32,449
119
IreliaIrelia1W100%
14.0 /
5.0 /
9.04.6:1
16,781
239.0 (7.3)
14
5
193,281
32,316
120
VolibearVolibear1W100%
2.0 /
1.0 /
7.09:1
9,469
171.0 (6.4)
2
1
138,277
27,09521
EvelynnEvelynn1W100%
4.0 /
1.0 /
5.09:1
8,015
137.0 (6.6)
4
1
99,938
15,21822
Jarvan IVJarvan IV1W100%
8.0 /
1.0 /
3.011:1
7,144
98.0 (6.4)
8
1
73,803
12,602
123
AnnieAnnie1L0%
10.0 /
11.0 /
11.01.91:1
12,285
140.0 (4.0)
10
11
102,725
19,308
324
PykePyke1L0%
11.0 /
8.0 /
9.02.5:1
16,380
63.0 (1.7)
11
8
58,247
28,10625
SwainSwain1L0%
12.0 /
6.0 /
6.03:1
13,003
141.0 (5.9)
12
6
84,743
19,604
326
EzrealEzreal1L0%
11.0 /
13.0 /
9.01.54:1
16,471
239.0 (5.8)
11
13
207,161
29,28827
KassadinKassadin1L0%
16.0 /
12.0 /
9.02.08:1
16,477
227.0 (5.6)
16
12
218,996
43,290
228
RyzeRyze1L0%
14.0 /
13.0 /
14.02.15:1
20,288
316.0 (6.5)
14
13
344,517
54,844
329
SennaSenna1L0%
12.0 /
12.0 /
22.02.83:1
17,654
96.0 (2.2)
12
12
157,119
38,97030
GravesGraves1L0%
6.0 /
8.0 /
6.01.5:1
10,851
158.0 (5.2)
6
8
142,647
29,283
131
Tahm KenchTahm Kench1L0%
3.0 /
5.0 /
4.01.4:1
8,725
153.0 (6.1)
3
5
61,657
22,71232
MordekaiserMordekaiser1L0%
5.0 /
5.0 /
5.02:1
13,854
249.0 (7.9)
5
5
200,812
29,743
2