#
Champion
Played
KDA
Gold
CS
Max Kills
Max Deaths
Average Damage Dealt
Average Damage Taken
Double Kill
Triple Kill
Quadra Kill
Penta Kill
1
IllaoiIllaoi59W54L
52%
5.7 /
5.3 /
3.31.68:1
11,829
197.1 (6.5)
17
12
178,455
28,750
86
9
1
12
ShenShen7W9L
44%
2.3 /
3.7 /
8.12.81:1
8,444
122.0 (4.4)
7
8
80,443
19,041
33
SettSett5W7L
42%
4.3 /
5.8 /
5.11.6:1
9,738
147.8 (5.0)
6
11
111,465
31,368
44
KaynKayn4W6L
40%
5.7 /
6.7 /
5.91.73:1
10,526
142.3 (4.6)
19
10
139,505
32,321
65
HeimerdingerHeimerdinger6W1L
86%
4.7 /
5.0 /
5.01.94:1
10,115
155.7 (5.6)
8
11
114,704
12,620
3
1
1
16
OrnnOrnn2W5L
29%
3.6 /
5.9 /
5.01.46:1
9,953
171.7 (5.6)
9
8
123,007
29,549
17
NasusNasus3W1L
75%
2.3 /
5.5 /
6.01.5:1
9,100
149.0 (5.6)
5
8
117,590
27,369
1
18
MordekaiserMordekaiser2W2L
50%
3.8 /
3.5 /
0.31.14:1
7,800
145.5 (6.3)
10
6
88,889
14,849
2
19
BlitzcrankBlitzcrank2W1L
67%
2.3 /
5.7 /
9.02:1
8,711
34.7 (1.0)
3
10
29,923
23,48310
FiddlesticksFiddlesticks2W1L
67%
3.3 /
6.0 /
5.01.39:1
7,581
64.0 (2.2)
5
9
64,871
19,198
111
PykePyke1W2L
33%
3.0 /
9.3 /
7.31.11:1
10,170
39.7 (1.1)
6
11
28,334
23,227
112
HecarimHecarim1W2L
33%
3.3 /
4.7 /
5.31.86:1
9,276
149.0 (5.4)
6
7
132,261
27,685
113
VolibearVolibear2W100%
3.0 /
3.0 /
5.02.67:1
8,199
110.5 (4.6)
4
4
103,404
20,69214
WarwickWarwick2W100%
10.0 /
3.0 /
3.54.5:1
9,974
116.5 (4.9)
11
5
98,566
24,113
215
ZileanZilean1W1L
50%
1.0 /
3.5 /
9.02.86:1
7,238
30.5 (1.0)
1
5
36,128
10,61216
RengarRengar1W1L
50%
5.0 /
7.5 /
9.51.93:1
10,772
133.0 (4.0)
5
10
135,049
32,78817
TrundleTrundle2L0%
6.5 /
5.5 /
4.52:1
9,691
121.5 (4.7)
8
6
103,749
27,184
2
118
PantheonPantheon2L0%
3.0 /
6.0 /
2.50.92:1
10,039
162.0 (4.7)
4
6
109,748
25,102
119
NautilusNautilus1W100%
1.0 /
4.0 /
4.01.25:1
6,507
26.0 (1.1)
1
4
16,778
10,90420
Master YiMaster Yi1W100%
4.0 /
4.0 /
2.01.5:1
7,503
124.0 (6.2)
4
4
110,181
16,93821
ApheliosAphelios1W100%
4.0 /
11.0 /
9.01.18:1
14,151
178.0 (3.9)
4
11
167,711
28,95022
AmumuAmumu1L0%
1.0 /
8.0 /
5.00.75:1
8,012
139.0 (4.7)
1
8
127,230
26,44723
ThreshThresh1L0%
0.0 /
5.0 /
5.01:1
4,291
36.0 (1.8)
0
5
25,294
11,92924
GalioGalio1L0%
1.0 /
5.0 /
2.00.6:1
4,077
57.0 (3.7)
1
5
31,265
10,12425
EvelynnEvelynn1L0%
1.0 /
7.0 /
6.01:1
8,714
135.0 (4.1)
1
7
127,711
30,30226
VeigarVeigar1L0%
0.0 /
6.0 /
7.01.17:1
7,370
21.0 (0.6)
0
6
29,363
16,726